1119
1121
1123
1125
1127
1129
1131
1133
1135
1137
1139
1141
1143
1145
1146
1148
1150
1152
1154
1156
1158
1160
1162
1164
1166
1168
1170
1172
1174
1176
1178
1180
1182
1184
1186
1188
1190
1192
1194
1196
1198
1200
1202
1204
1206
1208
1210
1212
1214
1216
1218
1220
1222
1224
1226
1228
1230
1232
1234
1236
1238
1240
1242
1244
1246
1248
1250
1252
1254
1256
1258
1260
1262
1264
1266
1267
1268
1269
1270
1271
1272
1273
1274
1275
1276
1277
1278
1279
1280
1281
1282
1283
1284
1285
1293
1294
1295
1296
1297
1298
1299
1300
1301
1118
1120
1122
1124
1126
1128
1130
1132
1134
1136
1138
1140
1142
1144
1147
1149
1151