952
953
954
955
956
957
958
959
960
763
764
765
766
774
775
776
777
778
779
780
781
782
783
784
808
810
812
814
816
818
820
822
824
826
828
792
793
794
795
796
797
798
799
800
801
802
803
804
805
806
844
846
848
850
852
854
856
858
860
862
864
866
868
871
873
875
877
879
881
883
885
887
889
891
893
895
897
899
901
903
905
907
909
911
913
915
917
919
933
934
935
936
937
938
944
945
946
947
948
949
950
951
767
768
769
770
771
772
773
807
809
811
813
815
817
819
821
823
825
827
829
830
831
832
833
834
835
836
837
838
839
840
841
842
843
785
786
787
788
789
790
791
845
847
849
851
853
855
857
859
861
863
865
867
869
870
872
874
876
878
880
882
884
886
888
890
892
894
896
898
900
902
904
906
908
910
912
914
916
918
920
921
922
923
924
925
926
927
928
929
930
931
932
939
940
941
942
943
948
949