119
121
123
125
127
129
131
133
135
137
139
141
143
145
147
149
151
153
155
157
159
161
163
165
167
169
171
173
175
177
179
181
183
185
187
189
191
193
195
197
199
201
203
205
207
209
211
213
215
217
218
220
222
224
226
228
230
232
234
236
238
240
242
244
246
248
250
252
254
256
258
118
120
122
124
126
128
130
132
134
136
138
140
142
144
146
148
150
152
154
156
158
160
162
164
166
168
170
172
174
176
178
180
182
184
186
188
190
192
194
196
198
200
202
204
206
208
210
212
214
216
219
221
223
225
227
229
231
233
235
237
239
241
243
245
247
249
251
253
255
257
259
260
261
262
263
264
265
266
129
131
133
135
137
139
141
143
145
147
149
151
153
146
148
150
152
154
156
158
160
162
164
166
168
216
219
221
223
225
227
229
231
233
235
237
239
241
243
245
247
249
218
220
222
224
226
228
230
232
234